concept_above_switch: 0.04491893228990983
concept_box_above: 0.06614720366997234
concept_box_below: 0.01892329487957903
concept_box_left: 0.037914052486001486
concept_box_right: 0.02794081270098271
concept_empty_above: 0.7423823337605973
concept_empty_below: 0.5689581506217815
concept_empty_left: 0.6626526344194832
concept_empty_right: 0.5740965616496886
concept_left_switch: 0.07128561469787942
concept_order_T2D_target_box_player: 0.00861274146034316
concept_switch_on: 0.7202995345071848
concept_target_above: 0.017787672311048146
concept_target_below: 0.008680204187186579
concept_target_left: 0.011131349929164137
concept_target_right: 0.011367469473116103
concept_wall_above: 0.17368279025838224
concept_wall_below: 0.3585194180215431
concept_wall_left: 0.2883019631653511
concept_wall_left_below_ofbox: 0.013571251883334457
concept_wall_right: 0.31530954147833323
